MLP Ablation Probe Results Full Dataset
================================================================================
Mode         | Split  |    Thr |    Acc  BalAcc     F1   Prec    Rec   Spec    ROC     PR
--------------------------------------------------------------------------------
dna          | val    |    0.5 | 0.6947  0.6482 0.4675 0.4018 0.5587 0.7376 0.7115 0.5279
             | val    |   best | 0.7350  0.6518 0.4710 0.4518 0.4920 0.8116 0.7115 0.5279
dna          | test   |    0.5 | 0.7041  0.6510 0.4535 0.3829 0.5559 0.7462 0.7113 0.5118
             | test   |   best | 0.7437  0.6518 0.4564 0.4293 0.4872 0.8164 0.7113 0.5118
--------------------------------------------------------------------------------
go           | val    |    0.5 | 0.6794  0.5695 0.3489 0.3401 0.3582 0.7807 0.6635 0.3593
             | val    |   best | 0.6143  0.6618 0.4836 0.3561 0.7530 0.5705 0.6635 0.3593
go           | test   |    0.5 | 0.6575  0.5745 0.3545 0.3036 0.4259 0.7232 0.6130 0.3053
             | test   |   best | 0.5792  0.5794 0.3783 0.2807 0.5799 0.5790 0.6130 0.3053
--------------------------------------------------------------------------------
dna+go       | val    |    0.5 | 0.7619  0.6784 0.5106 0.5034 0.5181 0.8388 0.7457 0.5482
             | val    |   best | 0.7309  0.6817 0.5113 0.4529 0.5870 0.7763 0.7457 0.5482
dna+go       | test   |    0.5 | 0.7522  0.6606 0.4694 0.4451 0.4966 0.8246 0.7254 0.5129
             | test   |   best | 0.7127  0.6598 0.4648 0.3948 0.5651 0.7545 0.7254 0.5129
--------------------------------------------------------------------------------
prot         | val    |    0.5 | 0.7388  0.6275 0.4317 0.4512 0.4138 0.8413 0.6801 0.4966
             | val    |   best | 0.7722  0.6384 0.4453 0.5353 0.3812 0.8956 0.6801 0.4966
prot         | test   |    0.5 | 0.7256  0.6306 0.4256 0.3957 0.4605 0.8007 0.6934 0.4881
             | test   |   best | 0.7546  0.6357 0.4320 0.4417 0.4228 0.8486 0.6934 0.4881
--------------------------------------------------------------------------------
dna+prot     | val    |    0.5 | 0.7736  0.7655 0.6137 0.5193 0.7499 0.7810 0.8376 0.6884
             | val    |   best | 0.8168  0.7731 0.6434 0.6033 0.6892 0.8570 0.8376 0.6884
dna+prot     | test   |    0.5 | 0.7694  0.7739 0.5996 0.4862 0.7818 0.7659 0.8494 0.6759
             | test   |   best | 0.8146  0.7814 0.6323 0.5624 0.7221 0.8407 0.8494 0.6759
--------------------------------------------------------------------------------
go+prot      | val    |    0.5 | 0.7011  0.6455 0.4636 0.4069 0.5387 0.7523 0.7332 0.5562
             | val    |   best | 0.6055  0.6681 0.4894 0.3548 0.7885 0.5477 0.7332 0.5562
go+prot      | test   |    0.5 | 0.7068  0.6478 0.4495 0.3839 0.5421 0.7535 0.7336 0.4783
             | test   |   best | 0.6165  0.6739 0.4721 0.3392 0.7767 0.5712 0.7336 0.4783
--------------------------------------------------------------------------------
dna+go+prot  | val    |    0.5 | 0.7561  0.7630 0.6042 0.4945 0.7764 0.7496 0.8405 0.6957
             | val    |   best | 0.8142  0.7703 0.6391 0.5981 0.6860 0.8546 0.8405 0.6957
dna+go+prot  | test   |    0.5 | 0.7453  0.7617 0.5783 0.4558 0.7909 0.7324 0.8378 0.6432
             | test   |   best | 0.7988  0.7685 0.6106 0.5331 0.7143 0.8227 0.8378 0.6432
--------------------------------------------------------------------------------

MLP Ablation Probe Results Missense only
================================================================================
Mode         | Split  |    Thr |    Acc  BalAcc     F1   Prec    Rec   Spec    ROC     PR
--------------------------------------------------------------------------------
dna          | val    |    0.5 | 0.5195  0.5237 0.4447 0.3786 0.5386 0.5089 0.5304 0.3900
             | val    |   best | 0.5771  0.5325 0.3886 0.4018 0.3762 0.6888 0.5304 0.3900
dna          | test   |    0.5 | 0.5070  0.5134 0.4673 0.4092 0.5446 0.4822 0.5216 0.4201
             | test   |   best | 0.5418  0.5090 0.3774 0.4098 0.3497 0.6683 0.5216 0.4201
--------------------------------------------------------------------------------
go           | val    |    0.5 | 0.6747  0.6622 0.5759 0.5389 0.6183 0.7060 0.7107 0.5843
             | val    |   best | 0.6425  0.6854 0.6254 0.4997 0.8356 0.5352 0.7107 0.5843
go           | test   |    0.5 | 0.6542  0.6335 0.5503 0.5689 0.5329 0.7340 0.7170 0.6150
             | test   |   best | 0.6383  0.6487 0.6055 0.5341 0.6990 0.5983 0.7170 0.6150
--------------------------------------------------------------------------------
dna+go       | val    |    0.5 | 0.6859  0.6502 0.5443 0.5648 0.5252 0.7752 0.7188 0.5806
             | val    |   best | 0.6611  0.6646 0.5879 0.5197 0.6766 0.6525 0.7188 0.5806
dna+go       | test   |    0.5 | 0.6619  0.6300 0.5273 0.5927 0.4749 0.7850 0.6967 0.5902
             | test   |   best | 0.6369  0.6312 0.5690 0.5382 0.6035 0.6590 0.6967 0.5902
--------------------------------------------------------------------------------
prot         | val    |    0.5 | 0.7818  0.7642 0.6970 0.6915 0.7025 0.8259 0.8480 0.7581
             | val    |   best | 0.7775  0.7797 0.7166 0.6575 0.7872 0.7721 0.8480 0.7581
prot         | test   |    0.5 | 0.7998  0.7878 0.7431 0.7576 0.7292 0.8463 0.8680 0.8170
             | test   |   best | 0.7967  0.7969 0.7571 0.7203 0.7979 0.7960 0.8680 0.8170
--------------------------------------------------------------------------------
dna+prot     | val    |    0.5 | 0.7395  0.7340 0.6622 0.6167 0.7150 0.7530 0.8115 0.7146
             | val    |   best | 0.7368  0.7374 0.6674 0.6082 0.7394 0.7353 0.8115 0.7146
dna+prot     | test   |    0.5 | 0.7520  0.7480 0.6999 0.6737 0.7282 0.7677 0.8304 0.7730
             | test   |   best | 0.7499  0.7490 0.7028 0.6654 0.7448 0.7533 0.8304 0.7730
--------------------------------------------------------------------------------
go+prot      | val    |    0.5 | 0.7960  0.7840 0.7221 0.7034 0.7419 0.8261 0.8659 0.8001
             | val    |   best | 0.7952  0.7885 0.7274 0.6931 0.7653 0.8117 0.8659 0.8001
go+prot      | test   |    0.5 | 0.7830  0.7672 0.7165 0.7444 0.6907 0.8438 0.8700 0.8166
             | test   |   best | 0.7838  0.7717 0.7237 0.7346 0.7131 0.8303 0.8700 0.8166
--------------------------------------------------------------------------------
dna+go+prot  | val    |    0.5 | 0.7718  0.7517 0.6808 0.6804 0.6811 0.8223 0.8379 0.7495
             | val    |   best | 0.7560  0.7592 0.6928 0.6295 0.7703 0.7481 0.8379 0.7495
dna+go+prot  | test   |    0.5 | 0.7805  0.7666 0.7166 0.7351 0.6990 0.8341 0.8566 0.8062
             | test   |   best | 0.7677  0.7695 0.7269 0.6817 0.7784 0.7607 0.8566 0.8062
--------------------------------------------------------------------------------

